3613 2341 1487 1091 3709 1483 3209 1019 2029 1319 3229 3457
3673 1847 2287 1223 3929 3637 1697 2459 1327 3557 3947 1123
1453 2129 3911 2707 1069 3313 1039 1279 3697 2131 1913 3329
2861 2393 1451 3917 3863 3701 1879 1481 3121 3923 1607 3583
2309 2207 1901 1597 3769 2437 1933 1181 3671 3119 1187 2801
3109 3517 1801 2957 2797 1613 2917 2339 2963 3391 1543 3049
2423 2791 2143 3877 2477 1949 1811 3083 3203 1399 3221 3301
3847 2789 2857 2833 2969 1229 2293 1571 2699 3389 2441 1361
3499 3067 1831 2999 3989 3251 1163 3541 1193 3307 2741 3607
1103 2113 1051 3089 3001 1621 2897 2879 1129 2819 2039 2011
2803 2689 3761 2531 2647 3019 3371 3511 2609 2903 1409 1277
2539 1459 3767 3739 1321 1733 3343 3163 2549 2543 3023 1433